;---------Central line Exeperimental ATP System--------;
;Ealing Broadway (Platform 6) - White City (Platform 4);


;Ealing Broadway - West Acton;
;-------------------------------------------------------------------------------------;
2700,
.Section 101;102;103;104;105;106;110,.Beacon 7;-1;0;137252525,
.beacon 1;-1;0;2,
.beacon 3;-1;0;1,

2812,
.Section 101;102;103;104;105;106;110, .Beacon 7;-1;0;413252525, ;Platform starter - EAB2053
.limit 30,

2893,
.beacon 1;-1;0;0,

2900,
.beacon 3;-1;0;1,

2901,
.beacon 1;-1;0;2,
.beacon 3;-1;0;0,

2914,
.beacon 1;-1;0;0,

2915,
.beacon 1;-1;0;2,

2925,
.beacon 3;-1;0;1,

2950,
.beacon 3;-1;0;0,

2955,
.beacon 1;-1;0;0,

2955.5,
.beacon 1;-1;0;2,

2957,
.beacon 1;-1;0;0,

2975,
.beacon 3;-1;0;1,

3015,
.beacon 3;-1;0;0,

3050,
.beacon 3;-1;0;1,

3075,
.beacon 3;-1;0;0,

3125,
.beacon 3;-1;0;1,

3225,
.Section 101;102;103;104;105;106;110, .Beacon 7;-1;0;250686868, ;3aspect - EAB A2057
.limit 75,
.beacon 2;-1;0;0,

3475
.Section 101;102;103;104;105;106;110, .Beacon 7;-1;0;300686868, ;EAB A2017

3775
.Section 101;102;103;104;105;106;110, .Beacon 7;-1;0;325686868, ;WEA A2203

3930,
.Beacon 9;-1;0;102699,

4100,
.Section 101;102;103;104;105;106;110, .Beacon 7;-1;0;253686868, ;WEA A2207
.beacon 2;-1;0;1,
.Beacon 9;-1;0;202020,

4195.82,
.Beacon 6;-1;0;08080150,

4198,
.beacon 1;-1;0;2,

4199,
.beacon 1;-1;0;0,

4199.8,
.beacon 1;-1;0;2,

4245,
.Beacon 6;-1;0;08080100,

4270,
.Beacon 6;-1;0;08080075,

4280,
.Beacon 6;-1;0;08080065,

4290,
.Beacon 6;-1;0;08080055,

4300,
.Beacon 6;-1;0;08080045,

4310,
.Beacon 6;-1;0;08080035,

4320,
.Beacon 6;-1;0;08080025,

4330,
.Beacon 6;-1;0;08080015,

4333,
.Beacon 6;-1;0;08080012,

4335,
.Beacon 6;-1;0;08080010,

4337,
.Beacon 6;-1;0;08080008,

4340,
.Beacon 6;-1;0;08080005,

4342.1,
.Beacon 6;-1;0;08080003,

4345.1,
.Beacon 6;-1;0;08080000, ;stop marker at West Acton

4353,
.Section 101;102;103;104;105;106;110, .Beacon 7;-1;0;200686868, ;West Acton Platform starter - WEA A2253

4475,
.beacon 1;-1;0;0,

4477,
.beacon 1;-1;0;2,

4478,
.beacon 1;-1;0;0,

;West Acton - North Acton;
;-------------------------------------------------------------------------------------;

4575,
.Section 101;102;103;104;105;106;110, .Beacon 7;-1;0;345686868, ;WEA A2211

4930,
.Section 101;102;103;104;105;106;110, .Beacon 7;-1;0;200686868, ;WEA A2215
.beacon 2;-1;0;1,

5130,
.Section 101;102;103;104;105;106;110, .Beacon 7;-1;0;219685555, ;NOA A2431

5349,
.Section 101;102;103;104;105;106;110, .Beacon 7;-1;0;176555555, ;3aspect - NOA2355

5525,
.Section 101;102;103;104;105;106;110, .Beacon 7;-1;0;180555555, ;NOA 2435
.limit 60,

5624,
.beacon 3;-1;0;1,

5625,
.beacon 3;-1;0;0,

5655,
.beacon 3;-1;0;1,

5660,
.beacon 3;-1;0;0,

5675,
.beacon 3;-1;0;1,

5700,
.Section 101;103;110, .Beacon 7;-1;0;200555555, ;3aspect - NOA 2357

5774,
.beacon 3;-1;0;1,

5775,
.beacon 3;-1;0;0,

5780,
.beacon 3;-1;0;1,

5900,
.Section 101;101;101;101;110;110, .Beacon 7;-1;0;200553535, ;NOA A2317

5950,
.Beacon 9;-1;0;103137,

6100
.Section 110, .Beacon 7;-1;0;050353535, ;NOA A2319

6144,
.beacon 1;-1;0;2,

6144.55,
.beacon 1;-1;0;0,

6145,
.beacon 1;-1;0;2,

6150,
.Section 104;104;104;104;104;104;110,, .Beacon 7;-1;0;090353535, ;NOA A2321
.limit 40,

6240,
.Section 103;103;103;103;103;110, .Beacon 7;-1;0;050353535, ;NOA A2323
.Beacon 9;-1;0;203412,

6266,
.Beacon 6;-1;0;08080009,

6267,
.Beacon 6;-1;0;08080008,

6270,
.Beacon 6;-1;0;08080005,

6272,
.Beacon 6;-1;0;08080003,

6275,
.Beacon 6;-1;0;08080000, ;Stop Marker at North Acton

6290
.Section 101;101;101;101;105;105;105;110, .Beacon 7;-1;0;240555555, ;North Acton Platform starter - NOA 2365
.limit 60,

6372,
.beacon 1;-1;0;0,
.beacon 3;-1;0;1,

6375,
.beacon 3;-1;0;0,

6377,
.beacon 1;-1;0;2,

6400,
.beacon 3;-1;0;1,

6427,
.beacon 1;-1;0;0,

6427.5,
.beacon 1;-1;0;2,

6428,
.beacon 1;-1;0;0,

;North Acton - East Acton;
;-------------------------------------------------------------------------------------;

6530,
.section 101;102;103;104;105;106;107;108;109;110, .Beacon 7;-1;0;245999999, ;NOA A2331
.limit 105,

6775,
.section 101;102;103;104;105;106;107;108;109;110, .Beacon 7;-1;0;125999999, ;NOA A2333

6900,
.section 101;102;103;104;105;106;107;108;109;110, .Beacon 7;-1;0;100999999, ;EAA A2503
.beacon 2;-1;0;1,

6990,
.Beacon 9;-1;0;103252,

7000,
.section 101;102;103;104;105;106;107;108;109;110, .Beacon 7;-1;0;160995555, ;EAA A2505

7075.1,
.Beacon 6;-1;0;08080248,

7083,
.Beacon 6;-1;0;08080240,

7093,
.Beacon 6;-1;0;08080230,

7103,
.Beacon 6;-1;0;08080220,

7113,
.Beacon 6;-1;0;08080210,

7123,
.Beacon 6;-1;0;08080200, 

7133,
.Beacon 6;-1;0;08080190, 
.Beacon 9;-1;0;203167,

7143,
.Beacon 6;-1;0;08080180, 

7160,
.Section 101;102;103;104;105;106;110, .Beacon 7;-1;0;129555050,;EAA A2507

7173,
.Beacon 6;-1;0;08080150, 

7175,
.beacon 1;-1;0;2,

7175.8,
.beacon 1;-1;0;0,

7178,
.beacon 1;-1;0;2,

7183,
.Beacon 6;-1;0;08080140, 

7193,
.Beacon 6;-1;0;08080130,

7203,
.Beacon 6;-1;0;08080120,

7213,
.Beacon 6;-1;0;08080110,   

7223,
.Beacon 6;-1;0;08080100, 

7243,
.Beacon 6;-1;0;08080080,

7248,
.Beacon 6;-1;0;08080075,

7289
.Section 103;103;103;103;103;110, .Beacon 7;-1;0;043555050,;EAA 2509
.limit 60,

7273,
.Beacon 6;-1;0;08080065,

7278,
.Beacon 6;-1;0;08080045,

7288,
.Beacon 6;-1;0;08080035,

7308
.Beacon 6;-1;0;08080015,

7313,
.Beacon 6;-1;0;08080010,

7320,
.Beacon 6;-1;0;08080003,

7323,
.Beacon 6;-1;0;08080000, ;Stop Marker at East Acton

7332,
.Section 101;101;101;101;105;105;105;110, .Beacon 7;-1;0;198656565, ;East Acton Platform starter - EAA 2555
.limit 70,

7472,
.beacon 1;-1;0;0,

7472.3,
.beacon 1;-1;0;2,

7473,
.beacon 1;-1;0;0,

;East Acton - White City (Platform 4);
;-------------------------------------------------------------------------------------;

7530,
.Section 101;102;103;104;105;106;107;108;109;110, .Beacon 7;-1;0;200999999, ;EAA A2517
.limit 105,

7730,
.Section 101;102;103;104;105;106;107;108;109;110, .Beacon 7;-1;0;170996565, ;EAA A2519

7900,
.Section 101;102;103;104;105;106;110, .Beacon 7;-1;0;195656565, ;3 Aspect - WHC A2651
.beacon 2;-1;0;1,

8095,
.Section 101;102;103;104;105;106;110, .Beacon 7;-1;0;200656565, ;WHC A2601
.limit 70,

8295,
.Section 101;102;103;104;105;106;110, .Beacon 7;-1;0;055656565, ;WHC A2603

8350,
.Section 101;102;103;104;105;106;110, .Beacon 7;-1;0;095656565, ;WHC A2605

8445,
.Section 101;102;103;104;105;110, .Beacon 7;-1;0;100655555, ;WHC A2609

8545,
.Section 101;102;103;104;105;110, .Beacon 7;-1;0;100555050, ;WHC A2611

8645,
.Section 101;102;103;104;105;110, .Beacon 7;-1;0;195505050, ;WHC A2613
.limit 60,

8840,
.Section 101;103;103;110, .Beacon 7;-1;0;210505050, ;2 Aspect - WHC 2655

8980,
.Beacon 9;-1;0;102538,

9050,
.Section 101;101;107;110, .Beacon 7;-1;0;120505050, ;3 Aspect - WHC A2661

9074,
.beacon 3;-1;0;1,

9075,
.beacon 3;-1;0;0,

9110,
.beacon 3;-1;0;1,

9130,
.beacon 3;-1;0;0,

9170,
.section 110;110, .Beacon 7;-1;0;110503535, ;WHC A2621

9173,
.beacon 1;-1;0;2,

9173.7,
.beacon 1;-1;0;0,

9174.5,
.beacon 1;-1;0;2,

9175,
.beacon 3;-1;0;1,

9261.6,
.Beacon 6;-1;0;08080055,
.Beacon 9;-1;0;202054,

9272,
.Beacon 6;-1;0;08080045,

9280,
.Section 103;103;103;103;103;110;110, .Beacon 7;-1;0;035353535, ;WHC A2621
.limit 40,

9282,
.Beacon 6;-1;0;08080035,

9292,
.Beacon 6;-1;0;08080025,

9302,
.Beacon 6;-1;0;08080015,

9307,
.Beacon 6;-1;0;08080010,

9314,
.Beacon 6;-1;0;08080003,

9317,
.Beacon 6;-1;0;08080000, ;Stop Marker at White City,


9325
.Section 101;101;101;101;106;106;106;110, .Beacon 7;-1;0;185505050, ;White City Platform Starter - WHC A2667