;-----------------------;
;What the fog?		;
;Tunnel Darkness effects;
;-----------------------;

0,
.Fog 0;1800;180;180;180,

;--------Wood Lane (Closed)---------;

9495,
.fog 40;150;120;120;120,

9550,
.Fog 0;1800;180;180;180,

9645,
.Fog 0;20;1;1;1,

;---------Shepherd's Bush----------;
10324,
.Fog 0;400;124;115;100

10490,
.Fog 0;400;1;1;1,

10500,
.Fog 0;20;1;1;1,

;--------Holland Park---------------;

11025
.Fog 0;400;124;115;100

11385,
.Fog 0;400;1;1;1,

11425,
.Fog 0;20;1;1;1,

;--------Notting Hill Gate (we all sit around and meditate)-----;
11900,
.Fog 0;400;124;115;100

12210,
.Fog 0;400;1;1;1,

12250,
.Fog 0;20;1;1;1,

;--------Queensway-----------------;
12565,
.Fog 0;400;124;115;100

12850,
.Fog 50;400;1;1;1,

12910,
.Fog 0;20;1;1;1,

;------Lancaster Gate---------------;

13340,
.Fog 0;400;124;115;100

13840,
.Fog 0;400;1;1;1,

13855,
.Fog 0;20;1;1;1,

;-------------Marble Arch------------;

14635,
.Fog 0;150;151,50,0,

14840,
.Fog 0;400;124;115;100

15020,
.Fog 0;400;1;1;1,

15035,
.Fog 0;20;1;1;1,

;-------Bond (James) Bond Street-----;

15110
.Fog 0;400;124;115;100

15590,
.Fog 0;400;1;1;1,

15605,
.Fog 0;20;1;1;1,

;-------------Oxo cubes :)------------;


15700,
.Fog 0;400;124;115;100

16240,
.Fog 0;400;1;1;1,

16255,
.Fog 0;20;1;1;1,

;-------Tottenham Court Road--------;

16330,
.Fog 0;400;124;115;100

16840
.Fog 0;400;1;1;1,

16855,
.Fog 0;20;1;1;1,

;----------TCR Crossover-----------;

17125,
.Fog 0;150;151,50,0,

17250,
.Fog 0;100;1;1;1,

17300,
.Fog 0;20;1;1;1,

;-------------Holborn-------------;

17350,
.Fog 0;400;124;115;100

17710,
.Fog 0;400;1;1;1,

17725,
.Fog 0;20;1;1;1,

;----------Chancery Lane----------;

17850,
.Fog 0;400;124;115;100

18140,
.Fog 0;400;1;1;1,

18155,
.Fog 0;20;1;1;1,

;------------St Pauls------------;

18670,
.Fog 0;400;124;115;100

19165,
.Fog 0;400;1;1;1,

19180,
.Fog 0;20;1;1;1,

;--------------Bank-------------;

19695,
.Fog 0;400;124;115;100

19935,
.Fog 0;400;1;1;1,

19955,
.Fog 0;20;1;1;1,

;----------Liverpool St---------;

20630,
.Fog 900;900;124;115;100;
